logfire-sdk/logfire/_internal/logs.py
  s_3e5b2d224472a7::t_00e4717ef8835d 12,17,37,96,129-138
  s_3e5b2d224472a7::t_3f5efd61cea641 139
logfire-sdk/pyproject.toml
  s_3e5b2d224472a7::t_00e4717ef8835d 49-53
uv.lock
  s_3e5b2d224472a7::t_0afab421735177 262,267,269,535,537,539,544,556-583,1097,1104,1106,1654,1665,1667,2597,2942,2949,2951,2956,2960,2964,2966-2972,3159,3162-3178,3230,3546-3548,3575-3576,4570,4575-4587,4589-4606,4611,4616,4618,4623,4628-4629,4635,4637,4642,4650,4652,4657,4666,4668,4673,4682,4684,4689,4698,4700,4705,4712,4714,4719,4726,4728,4733,4740,4742,4747,4755,4757,4762,4771,4773,4778,4787,4789,4794,4804,4806,4827,4836,4838,4843,4850,4852,4857,4864,4866,4871,4878,4880,4885,4892,4894,4899,4907,4909,4914,4922,4924,4929,4938,4940,4945,4952,4954,4959,4968,4970,4975,4983,4985,4990,4998,5000,5005,5013,5015,5032,5037,5039,5044,5051,5053,5058,5064,5066,5086,5088,5090,5420,5422,5424,5950,5958,5960,5995,6000-6137,6646,6648,6650,6770,7122,7141-7269,8028-8059,8644,8646,8648
---
{
  "schema_version": "authorship/3.0.0",
  "git_ai_version": "1.7.5",
  "base_commit_sha": "b2795eb2f760ca520f12ff1370338b737c060def",
  "prompts": {},
  "sessions": {
    "s_3e5b2d224472a7": {
      "agent_id": {
        "tool": "codex",
        "id": "01a1214e-b0ae-74e0-a7d3-ca72a9123b69",
        "model": "gpt-6-sol"
      },
      "human_author": "Alex Hall <alex.mojaki@gmail.com>"
    }
  }
}