uv.lock
  s_3eecf04afaad8c::t_b2bcf8a63636c7 47,55,57,82,262,267,269,292,303,305,310,315,317,319,345-404,535,537,539,597,604,606,611,618,620,625,627,629,666,685-728,882-1040,1045,1054,1056-1059,1097,1102,1104,1106,1129-1252,1262,1268-1327,1388,1409,1411,1448,1457,1466,1468,1487,1496,1498,1555,1560,1562,1567,1573,1575,1585,1589,1595,1597,1602,1605,1613,1615,1622,1631,1638,1640,1713,1715,1717,1860,1862,1864,1869,1875,1877,1891,1897,1899,1909,1923,1925,1930,1935,1937,1942-2023,2028,2030,2032,2044-2056,2081-2089,2105,2111,2113,2131-2133,2138,2148,2150,2164,2174,2178,2180-2189,2194,2196,2198,2203,2205,2207,2233,2243,2245,2328,2330-2449,2475,2477,2479,2566,2573,2575,2580,2594,2596,2601,2609,2611,2628,2638,2640,2671,2680,2682,2687,2692,2705,2707,2712,2714-2837,2842,2849,2860,2862-2868,3055,3058-3074,3101,3117,3125,3154,3515-3653,3658,3662,3664-3665,3676-3689,3691,3714-3798,3803,3808-3979,3984,3986,3988,3993,4003-4055,4102,4104,4106,4260,4276-4342,4386,4392,4400,4402,4407,4418,4420,4425,4436,4438,4443,4445,4447,4663,4672,4674,4923,4931,4933,5148,5169,5173-5231,5263,5265,5267,5322-5462,5467,5469,5471-5477,5510,5516,5518,5528-5596,5601-5670,5675,5681,5683,5688,5813,5826,5828,5954,5964,5966,5971,5979,5981,5998,6004,6006,6011,6016-6088,6093,6095,6097-6108,6136,6141,6143,6153,6158-6219,6224,6226,6228,6246,6252,6254,6330,6336,6338,6380,6385,6387,6392,6394,6396,6449,6451,6453,6583-6715,6772,6780,6782,7052-7072,7129,7150-7181,7195,7201-7245,7250,7257,7259,7273,7279,7281,7286,7292,7294,7426,7431,7433-7448,7516,7521,7523,7537,7542,7544,7570,7572,7574,7591,7593,7595,7600-7696,7701,7708,7710,7737,7742,7747,7749,7754-7777,7898,7903,7905,7919-8011,8212,8219-8357
---
{
  "schema_version": "authorship/3.0.0",
  "git_ai_version": "1.7.5",
  "base_commit_sha": "f96e26f43644263360b240282ad9aef8d593b0fc",
  "prompts": {},
  "sessions": {
    "s_3eecf04afaad8c": {
      "agent_id": {
        "tool": "codex",
        "id": "01a1168b-ad6e-7d31-8c1e-8d0072575520",
        "model": "unknown"
      },
      "human_author": "Alex Hall <alex.mojaki@gmail.com>"
    }
  }
}